2

3 3
1 2 3
0 20 51 35
20 0 30 34
51 30 0 12
35 34 12 0

9 9
1 2 3 4 5 6 7 8 9
0 42 360 335 188 170 725 479 359 206
42 0 402 377 146 212 767 521 401 248
360 402 0 573 548 190 392 488 490 154
335 377 573 0 293 383 422 717 683 419
188 146 548 293 0 358 715 667 539 394
170 212 190 383 358 0 582 370 300 36
725 767 392 422 715 582 0 880 704 546
479 521 488 717 667 370 880 0 323 334
359 401 490 683 539 300 704 323 0 336
206 248 154 419 394 36 546 334 336 0
